,City,Cloudiness,Country,Date,Humidity,Lat,Lng,Max Temp,Wind Speed
0,ostrovnoy,100,RU,1584135933,96,68.05,39.51,23.99,20.6
1,cidreira,0,BR,1584135933,87,-30.18,-50.21,77.27,8.01
2,hilo,40,US,1584135888,69,19.73,-155.09,80.6,10.29
3,rikitea,12,PF,1584135934,74,-23.12,-134.97,76.55,12.12
4,jamestown,1,US,1584135934,48,42.1,-79.24,46.4,27.51
5,clarence town,75,US,1584135934,64,42.98,-78.59,44.01,26.4
6,puerto ayora,40,ES,1584135934,93,36.59,-6.23,59.0,3.18
7,mahebourg,40,MU,1584135688,94,-20.41,57.7,75.0,3.36
8,skibbereen,75,IE,1584135935,93,51.55,-9.27,44.6,9.17
9,thompson,75,CA,1584135901,43,55.74,-97.86,10.4,9.17
10,lambarene,100,GA,1584135748,96,-0.7,10.24,76.91,2.39
11,carnarvon,75,AU,1584135935,100,-24.87,113.63,78.8,10.29
12,punta arenas,82,PH,1584135935,87,8.99,125.34,70.43,4.72
13,kozhva,100,RU,1584135935,98,65.11,57.05,32.09,3.65
14,sao joao da barra,69,IN,1584135935,24,20.51,76.21,66.47,5.17
15,deputatskiy,0,RU,1584135936,73,69.3,139.9,-25.87,2.53
16,acapulco,20,MX,1584135805,66,16.86,-99.89,86.0,8.05
17,buchanan,40,LR,1584135936,88,5.88,-10.05,82.4,4.7
18,prince rupert,1,CA,1584135936,60,52.97,-108.38,5.0,11.41
19,luderitz,0,NA,1584135937,93,-26.65,15.16,66.2,11.41
20,port elizabeth,100,CD,1584135937,87,-7.03,29.76,74.03,15.61
21,ushuaia,20,AR,1584135899,71,-54.8,-68.3,53.6,4.7
22,nizhneudinsk,44,RU,1584135937,86,54.91,99.03,27.05,3.76
23,busselton,33,AU,1584135937,49,-33.65,115.33,66.99,14.54
24,butaritari,25,KI,1584135896,72,3.07,172.79,83.21,10.07
25,east london,75,IS,1584135938,86,65.0,-15.0,28.4,13.87
26,cape town,40,CL,1584135938,41,-36.41,-71.9,78.8,9.17
27,albany,40,US,1584135901,52,42.6,-73.97,55.0,19.46
28,avera,90,US,1584135938,57,33.19,-82.53,81.0,8.05
29,barrow,90,US,1584135938,86,71.29,-156.79,26.6,36.91
30,bredasdorp,0,ZA,1584135779,77,-34.53,20.04,62.6,6.93
31,vaini,90,TO,1584135938,94,-21.2,-175.2,75.2,13.87
32,meulaboh,2,ID,1584135939,78,4.14,96.13,82.13,5.14
33,hobart,20,AU,1584135714,53,-42.88,147.33,50.0,12.75
34,bangassou,94,CF,1584135939,74,4.74,22.82,75.47,4.29
35,hithadhoo,35,MV,1584135939,62,-0.6,73.08,83.39,8.08
36,grand river south east,75,US,1584135939,54,38.88,-109.5,57.0,25.28
37,bilma,0,NE,1584135939,22,18.69,12.92,62.69,4.03
38,lebu,73,CL,1584135939,56,-37.62,-73.65,66.83,8.03
39,vao,100,NC,1584135940,78,-22.67,167.48,81.41,13.2
40,tromso,90,NO,1584135940,85,69.65,18.96,21.2,18.34
41,inhambane,33,MZ,1584135940,81,-23.86,35.38,78.71,9.84
42,faanui,40,PF,1584135789,77,-16.48,-151.75,83.03,14.2
43,lavrentiya,100,RU,1584135940,91,65.58,-171.0,26.51,24.38
44,chifeng,19,CN,1584135941,51,42.27,118.96,23.45,11.72
45,murfreesboro,1,US,1584135876,47,35.85,-86.39,55.99,10.29
46,gimli,100,CA,1584135877,66,50.63,-96.99,16.0,10.0
47,cayenne,20,GF,1584135941,74,4.93,-52.33,82.4,12.75
48,hermanus,0,ZA,1584135941,93,-34.42,19.23,61.0,10.04
49,port alfred,100,CD,1584135941,87,-7.03,29.76,74.03,15.61
50,qaanaaq,0,GL,1584135942,47,77.48,-69.36,-23.35,2.01
51,souillac,40,MU,1584135942,94,-20.52,57.52,75.0,3.36
52,haysville,90,US,1584135942,36,37.56,-97.35,48.2,19.46
53,guerrero negro,30,MX,1584135942,54,17.67,-100.0,75.47,4.81
54,kysyl-syr,66,RU,1584135942,97,63.9,122.76,-17.77,5.64
55,kruisfontein,0,ZA,1584135866,93,-34.0,24.73,65.39,0.94
56,mataura,1,NZ,1584135942,85,-46.19,168.86,49.37,2.13
57,sosua,20,DO,1584135943,83,19.77,-70.52,82.99,13.87
58,san quintin,31,ML,1584135943,8,13.3,-4.9,85.73,8.66
59,latung,2,PH,1584135943,76,5.5,120.88,80.33,3.29
60,lahaina,75,US,1584135943,73,20.88,-156.68,77.0,3.36
61,ayabaca,100,PE,1584135943,93,-4.64,-79.71,65.93,4.12
62,yerbogachen,95,RU,1584135944,90,61.28,108.01,-8.59,4.59
63,altamont,1,US,1584135944,24,42.21,-121.74,57.0,13.87
64,atuona,54,PF,1584135874,70,-9.8,-139.03,81.77,12.15
65,puerto el triunfo,40,ES,1584135944,93,36.59,-6.23,59.0,3.18
66,narsaq,100,GL,1584135882,53,60.92,-46.05,23.0,2.24
67,dikson,100,RU,1584135868,96,73.51,80.55,30.65,24.25
68,jaggayyapeta,0,IN,1584135944,87,16.9,80.1,71.69,7.14
69,digras,100,IN,1584135945,28,20.12,77.72,73.67,5.17
70,kaitangata,0,NZ,1584135875,85,-46.28,169.85,52.07,6.11
71,castro,0,BR,1584135945,47,-24.79,-50.01,75.83,3.6
72,muisne,75,EC,1584135945,83,0.6,-80.03,80.6,5.82
73,loukhi,100,RU,1584135945,92,66.08,33.04,20.21,20.47
74,oistins,40,BB,1584135945,69,13.07,-59.53,80.6,13.87
75,talara,30,PE,1584135946,100,-4.58,-81.27,62.6,16.11
76,opuwo,0,NA,1584135946,43,-18.06,13.84,70.61,3.36
77,sao filipe,69,IN,1584135946,24,20.51,76.21,66.47,5.17
78,buraydah,40,SA,1584135867,31,26.33,43.98,75.2,13.87
79,nagamangala,0,IN,1584135946,59,12.82,76.76,71.51,7.52
80,kapaa,90,US,1584135662,73,22.08,-159.32,75.2,16.11
81,ravar,30,IR,1584135947,14,31.27,56.81,57.47,2.64
82,tommot,100,RU,1584135896,96,58.96,126.29,-7.51,9.84
83,bundaberg,0,AU,1584135947,77,-24.85,152.35,73.0,10.29
84,gwadar,0,PK,1584135947,58,25.12,62.33,72.59,5.97
85,mys shmidta,100,RU,1584135947,92,62.06,48.62,32.27,9.28
86,upernavik,100,GL,1584135948,96,72.79,-56.15,-10.57,5.17
87,omsukchan,0,RU,1584135948,89,62.53,155.8,-26.23,1.21
88,yellowknife,5,CA,1584135948,57,62.46,-114.35,-7.01,2.24
89,otradnoye,20,RU,1584135741,74,59.78,30.82,32.0,11.18
90,hovd,87,MN,1584135948,55,48.01,91.64,13.37,1.57
91,rjukan,0,NO,1584135948,78,59.88,8.59,2.39,7.7
92,chimore,72,BO,1584135948,37,-16.98,-65.13,96.89,1.74
93,avarua,67,CK,1584135949,70,-21.21,-159.78,84.2,5.82
94,hokitika,0,NZ,1584135949,79,-42.72,170.97,56.57,5.03
95,hasaki,75,JP,1584135949,75,35.73,140.83,46.4,12.75
96,chuy,0,UY,1584135751,66,-33.7,-53.46,77.09,11.95
97,roma,90,US,1584135825,56,43.21,-75.46,46.4,20.8
98,padang,0,ID,1584135949,95,-0.95,100.35,68.09,4.63
99,karratha,32,AU,1584135950,73,-20.74,116.85,82.67,8.39
100,victoria,75,HK,1584135709,82,22.29,114.16,68.0,13.87
101,norman wells,100,US,1584135950,87,35.22,-97.44,46.99,12.75
102,cabo san lucas,75,BR,1584135950,62,-8.28,-35.03,86.0,8.05
103,gladstone,0,AU,1584135951,64,-23.85,151.25,73.4,9.17
104,tuktoyaktuk,75,CA,1584135869,85,69.45,-133.04,17.6,25.28
105,ardesen,90,TR,1584135951,93,41.19,40.99,51.8,6.93
106,bluff,6,NZ,1584135951,89,-46.6,168.33,48.83,4.16
107,codajas,99,BR,1584135951,63,-3.84,-62.06,91.49,0.29
108,azul,61,AR,1584135951,37,-36.78,-59.86,89.33,7.94
109,leninskoye,99,RU,1584135951,97,47.94,132.62,10.49,3.6
110,torbay,40,CA,1584135900,53,47.67,-52.73,28.0,5.82
111,saskylakh,0,RU,1584135952,97,71.92,114.08,-22.99,8.77
112,nikolskoye,20,RU,1584135866,72,59.7,30.79,32.0,11.18
113,vila velha,0,PT,1584135952,81,42.03,-8.16,55.99,14.99
114,arraial do cabo,2,BR,1584135952,40,-22.84,-46.65,86.0,8.05
115,linguere,0,SN,1584135952,9,15.4,-15.12,85.73,10.58
116,zalantun,0,CN,1584135952,83,48.0,122.72,13.01,6.98
117,karlskoga,0,SE,1584135953,48,59.33,14.52,32.0,16.11
118,beringovskiy,100,RU,1584135953,90,63.05,179.32,26.87,8.75
119,geraldton,90,AU,1584135755,35,-28.77,114.6,84.2,16.11
120,nara,75,JP,1584135953,87,34.69,135.8,48.2,1.12
121,batesville,90,US,1584135954,50,35.77,-91.64,51.8,10.29
122,novyy starodub,0,RU,1584135954,87,45.01,38.98,51.01,4.47
123,drumnadrochit,100,GB,1584135954,74,57.33,-4.48,37.4,3.36
124,salamanca,1,ES,1584135954,81,40.83,-6.0,48.2,8.05
125,yar-sale,45,RU,1584135954,87,66.83,70.83,29.21,19.91
126,khasan,84,RU,1584135955,61,42.43,130.64,24.53,1.34
127,kahului,40,US,1584135955,73,20.89,-156.47,77.0,8.05
128,harper,100,LR,1584135955,94,4.38,-7.72,77.81,3.78
129,sept-iles,90,CA,1584135955,85,50.2,-66.38,19.99,29.97
130,kadnikov,83,RU,1584135955,89,59.5,40.34,32.09,10.47
131,portage,40,US,1584135955,42,41.17,-81.2,51.8,16.11
132,gat,75,IL,1584135956,93,31.61,34.76,59.0,26.4
133,westport,20,US,1584135851,52,41.14,-73.36,71.6,13.87
134,kalivia,0,GR,1584135956,67,35.06,25.23,63.0,3.36
135,hamilton,1,US,1584135825,34,39.18,-84.53,53.01,10.29
136,kirakira,70,SB,1584135956,77,-10.45,161.92,80.69,8.95
137,sur,0,OM,1584135956,35,22.57,59.53,64.49,3.76
138,chokurdakh,100,RU,1584135957,97,70.63,147.92,-20.83,7.67
139,rudsar,90,IR,1584135957,93,37.14,50.29,53.6,4.7
140,sinnamary,92,GF,1584135957,75,5.38,-52.95,80.15,13.44
141,tura,100,IN,1584135957,46,25.52,90.22,73.49,3.91
142,surt,15,LY,1584135957,65,31.21,16.59,57.47,1.48
143,kharp,75,RU,1584135957,99,66.8,65.81,18.77,4.83
144,georgetown,40,MY,1584135958,94,5.41,100.34,80.6,2.24
145,portland,90,US,1584135790,80,45.52,-122.68,42.01,10.29
146,kavieng,0,PG,1584135958,76,-2.57,150.8,83.57,11.68
147,san patricio,31,ML,1584135834,8,13.3,-4.9,85.73,8.66
148,ribeira grande,20,ES,1584135958,93,42.75,-8.44,55.0,8.05
149,vostok,43,RU,1584135958,95,46.49,135.88,-1.39,5.37
150,kailua,75,US,1584135722,65,21.4,-157.74,78.8,10.29
151,oxford,79,GB,1584135901,81,51.75,-1.26,46.4,4.7
152,churapcha,97,RU,1584135959,97,62.0,132.43,-13.81,3.89
153,okha,0,RU,1584135959,98,53.57,142.95,-8.05,9.64
154,bristol,40,US,1584135879,87,41.83,-71.17,61.0,13.87
155,ketchikan,1,US,1584135959,19,55.34,-131.65,35.6,5.82
156,qaqortoq,100,GL,1584135959,53,60.72,-46.03,23.0,2.24
157,grand-santi,97,GF,1584135959,40,4.25,-54.38,92.21,2.73
158,kodiak,1,US,1584135960,69,57.79,-152.41,33.8,4.7
159,severnyy,100,RU,1584135960,52,50.68,36.55,42.8,8.95
160,airai,54,TL,1584135960,64,-8.93,125.41,64.31,2.3
161,puerto escondido,40,ES,1584135960,93,36.59,-6.23,59.0,3.18
162,zeya,99,RU,1584135960,98,53.75,127.27,-3.73,4.21
163,ilulissat,100,GL,1584135960,50,69.22,-51.1,6.8,11.41
164,mwanza,100,TZ,1584135961,83,-2.52,32.9,68.81,5.99
165,solnechnyy,100,RU,1584135961,98,50.72,136.63,0.41,2.64
166,pevek,100,RU,1584135880,81,69.7,170.31,-3.91,10.6
167,santiago del estero,0,CL,1584135684,34,-33.46,-70.65,82.4,5.82
168,cleethorpes,97,GB,1584135961,100,53.56,-0.03,43.0,9.17
169,pangody,99,RU,1584135874,88,65.85,74.49,34.25,22.95
170,new norfolk,40,LR,1584135907,88,6.65,-10.59,82.4,4.7
171,saint-joseph,40,RE,1584135962,83,-21.37,55.62,78.8,19.46
172,pirgos,0,GR,1584135962,67,35.12,25.72,63.0,3.36
173,srednekolymsk,100,RU,1584135892,92,67.45,153.68,-20.47,11.56
174,port keats,100,CD,1584135941,87,-7.03,29.76,74.03,15.61
175,ajaccio,90,FR,1584135963,87,42.0,8.92,57.2,3.36
176,naze,90,JP,1584135963,88,28.37,129.48,66.2,14.99
177,mahon,100,ES,1584135963,81,39.89,4.27,53.6,9.17
178,sobolevo,65,RU,1584135963,79,54.43,31.9,35.87,8.99
179,cherskiy,100,RU,1584135963,97,68.75,161.3,-13.99,11.1
180,linxia,1,CN,1584135964,51,35.6,103.21,26.69,0.76
181,fortuna,40,US,1584135888,76,40.6,-124.16,55.99,13.87
182,isangel,98,VU,1584135964,83,-19.55,169.27,82.4,6.93
183,asau,75,RO,1584135879,87,46.43,26.4,45.0,8.05
184,itaituba,20,BR,1584135964,63,-4.28,-55.98,91.4,5.82
185,ust-kuyga,0,RU,1584135965,94,70.02,135.6,-30.37,1.34
186,saint-philippe,40,RE,1584135965,83,-21.36,55.77,78.8,19.46
187,nago,90,JP,1584135965,91,26.59,127.98,66.2,3.36
188,port hedland,100,CD,1584135937,87,-7.03,29.76,74.03,15.61
189,elbistan,100,TR,1584135965,98,38.21,37.2,39.83,5.32
190,niquelandia,92,BR,1584135965,88,-14.47,-48.46,75.65,2.19
191,addi ugri,20,CH,1584135965,35,46.46,8.89,55.4,10.29
192,verkh-usugli,0,RU,1584135966,88,52.7,115.17,8.87,5.19
193,yenagoa,100,NG,1584135966,83,4.92,6.26,81.05,6.42
194,santa maria,23,PH,1584135856,88,17.49,120.43,70.61,3.51
195,pangnirtung,40,CA,1584135966,75,66.15,-65.71,-18.4,5.82
196,moses lake,3,CI,1584135966,81,6.69,-8.48,77.99,5.57
197,saint-augustin,62,CA,1584135967,87,51.23,-58.65,10.13,6.08
198,bandarbeyla,81,SO,1584135967,81,9.49,50.81,79.07,17.27
199,sovetskiy,100,RU,1584135967,96,61.36,63.58,33.89,15.64
200,hofn,39,IS,1584135967,70,64.25,-15.21,40.19,23.51
201,shimoda,100,JP,1584135968,85,34.67,138.95,44.01,3.0
202,ranfurly,0,NZ,1584135968,85,-45.13,170.1,57.0,1.01
203,gambela,76,ET,1584135968,63,8.25,34.58,79.07,2.8
204,flin flon,98,FR,1584135968,70,48.5,6.66,42.8,6.93
205,tasiilaq,100,GL,1584135969,66,65.61,-37.64,12.2,1.12
206,hobyo,65,SO,1584135969,77,5.35,48.53,80.15,15.88
207,san rafael,31,ML,1584135943,8,13.3,-4.9,85.73,8.66
208,ust-nera,99,RU,1584135969,92,64.57,143.2,-25.15,7.05
209,jalu,0,LY,1584135907,67,29.03,21.55,59.09,12.46
210,khatanga,100,RU,1584135969,63,71.97,102.5,-1.75,17.74
211,kingaroy,23,AU,1584135970,87,-26.53,151.83,64.0,6.93
212,dunmore east,1,US,1584135694,17,41.42,-75.63,62.6,18.34
213,shache,95,CN,1584135970,30,38.42,77.24,41.63,2.66
214,ust-maya,0,RU,1584135970,98,60.42,134.53,-25.15,1.97
215,bathsheba,40,BB,1584135897,69,13.22,-59.52,80.6,13.87
216,fairbanks,20,US,1584135734,61,64.84,-147.72,19.99,3.36
217,severo-kurilsk,86,RU,1584135970,83,50.68,156.12,20.57,18.72
218,panzhihua,0,CN,1584135971,55,26.59,101.71,50.27,0.45
219,mar del plata,0,ES,1584135971,81,43.4,-4.01,48.99,2.24
220,bengkulu,22,ID,1584135889,88,-3.8,102.27,74.93,2.62
221,ponta do sol,20,PT,1584135971,82,38.73,-28.27,59.0,3.36
222,salamiyah,99,SY,1584135971,69,35.01,37.05,56.93,6.24
223,katobu,100,ID,1584135972,93,-4.94,122.53,76.01,0.74
224,saldanha,0,ZA,1584135972,82,-33.01,17.94,64.4,2.24
225,kununurra,55,AU,1584135972,88,-15.77,128.73,78.8,1.12
226,emba,97,KZ,1584135972,90,48.83,58.14,33.17,8.3
227,sitka,20,US,1584135972,31,57.05,-135.33,33.8,6.93
228,rio grande,20,GR,1584135972,87,38.3,21.78,53.6,3.33
229,reftinskiy,40,RU,1584135973,80,57.09,61.68,39.2,13.42
230,puerto ayacucho,40,ES,1584135944,93,36.59,-6.23,59.0,3.18
231,mandan,1,US,1584135909,54,46.83,-100.89,28.99,9.17
232,cozumel,40,MX,1584135973,58,20.51,-86.95,84.2,11.41
233,muros,20,ES,1584135973,93,42.78,-9.06,55.0,8.05
234,kulaman,0,PH,1584135973,74,6.46,124.09,76.73,5.17
235,amot,0,NO,1584135973,80,59.57,7.99,6.35,4.61
236,karpathos,0,GR,1584135974,82,35.51,27.21,60.8,24.16
237,itinga,25,BR,1584135974,92,-16.61,-41.77,71.51,3.15
238,rawson,36,AR,1584135974,65,-43.3,-65.1,67.55,12.26
239,semey,84,KZ,1584135974,85,50.41,80.23,26.51,8.48
240,mudanjiang,46,CN,1584135974,82,44.58,129.6,13.37,5.82
241,alta floresta,75,NO,1584135974,85,69.97,23.27,19.99,43.62
242,isla mujeres,57,PH,1584135975,91,15.89,120.3,73.31,3.4
243,marsh harbour,75,GB,1584135975,93,53.65,-1.81,43.0,11.41
244,ranong,61,TH,1584135975,84,9.97,98.63,78.71,5.66
245,belyy yar,95,RU,1584135975,91,55.84,32.94,36.41,10.31
246,broome,1,US,1584135975,31,42.25,-75.83,51.01,18.34
247,ugoofaaru,19,MV,1584135975,77,5.67,73.0,83.93,14.52
248,monte cristi,90,FR,1584135975,93,42.47,9.39,57.2,2.24
249,namibe,72,AO,1584135900,79,-15.2,12.15,75.65,6.82
250,sao joao del rei,69,IN,1584135946,24,20.51,76.21,66.47,5.17
251,codrington,52,AU,1584135976,67,-38.27,141.97,56.57,20.87
252,marienburg,75,PL,1584135976,86,54.04,19.03,37.0,19.46
253,visnes,70,NO,1584135976,57,59.36,5.22,33.8,6.93
254,kargasok,0,RU,1584135976,80,59.06,80.86,23.63,13.87
255,apac,99,UG,1584135976,72,1.98,32.54,72.95,4.5
256,vestmannaeyjar,45,IS,1584135977,73,63.44,-20.27,31.91,10.36
257,jutai,100,BR,1584135977,59,-5.18,-68.9,88.25,1.16
258,sinjai,100,ID,1584135977,74,-5.12,120.25,82.31,6.4
259,miranda,40,CO,1584135977,51,3.25,-76.23,84.2,13.87
260,ust-kachka,75,RU,1584135977,86,58.01,55.67,37.4,20.13
261,manokwari,100,ID,1584135977,80,-0.87,134.08,72.23,3.56
262,kipini,100,KE,1584135978,83,-2.53,40.53,82.13,9.66
263,nabire,97,ID,1584135978,99,-3.37,135.48,71.69,1.86
264,marsa matruh,99,MT,1584135978,87,35.88,14.5,59.0,12.75
265,gigmoto,59,PH,1584135978,74,13.78,124.39,80.33,6.38
266,brigantine,75,US,1584135790,43,39.41,-74.36,71.6,20.8
267,mindelo,75,CV,1584135722,60,16.89,-24.98,73.4,19.46
268,grindavik,40,IS,1584135978,79,63.84,-22.43,28.4,17.22
269,benguela,100,AO,1584135979,83,-12.58,13.41,79.43,5.93
270,date,0,JP,1584135979,87,42.47,140.87,18.23,2.26
271,nome,90,US,1584135979,92,64.5,-165.41,21.2,12.75
272,merauke,79,ID,1584135979,97,-8.47,140.33,74.93,4.45
273,california city,1,US,1584135751,49,38.3,-76.51,78.8,8.05
274,loralai,0,PK,1584135979,57,30.37,68.6,46.13,4.07
275,clyde river,1,US,1584135980,39,41.3,-82.98,50.0,19.46
276,springbok,0,ZA,1584135980,85,-29.66,17.89,54.05,6.93
277,faridabad,40,IN,1584135980,88,28.43,77.32,64.4,9.17
278,jumla,8,NP,1584135980,68,29.27,82.18,26.69,7.0
279,itarema,100,BR,1584135980,98,-2.92,-39.92,74.21,2.62
280,beyneu,0,KZ,1584135981,63,45.32,55.2,43.61,2.1
281,coihaique,75,CL,1584135981,62,-45.58,-72.07,55.4,5.82
282,viedma,61,AR,1584135981,30,-40.81,-63.0,84.83,11.32
283,angola,99,AO,1584135981,97,-12.5,18.5,64.49,0.72
284,kitale,100,KE,1584135981,87,1.02,35.01,61.79,1.95
285,charters towers,1,US,1584135982,23,38.57,-83.43,57.2,5.82
286,visby,20,SE,1584135982,80,57.64,18.3,30.99,10.29
287,lata,20,PT,1584135982,87,40.16,-8.33,55.99,8.05
288,fasa,70,IR,1584135982,33,28.94,53.65,46.4,3.2
289,provideniya,100,RU,1584135891,97,64.38,-173.3,25.43,21.41
290,yuncheng,0,CN,1584135983,33,35.02,110.99,39.83,4.45
291,port lincoln,100,CD,1584135983,87,-7.03,29.76,74.03,15.61
292,bethel,1,US,1584135983,32,41.37,-73.41,69.01,20.8
293,hambantota,0,LK,1584135983,80,6.12,81.12,78.71,17.38
294,paengaroa,0,NZ,1584135983,57,-37.82,176.42,66.99,1.01
295,lufilufi,76,WS,1584135984,77,-13.87,-171.6,81.95,13.96
296,berdigestyakh,100,RU,1584135984,96,62.1,126.7,-14.17,6.46
297,lompoc,90,US,1584135934,71,34.64,-120.46,59.0,4.7
298,tiksi,0,RU,1584135984,84,71.69,128.87,-24.25,2.46
299,santo domingo de guzman,72,EC,1584135984,76,-0.59,-80.0,81.41,7.38
300,vila franca do campo,0,PT,1584135952,81,42.03,-8.16,55.99,14.99
301,bonavista,4,CA,1584135984,69,48.65,-53.11,25.0,4.0
302,olafsvik,100,IS,1584135985,76,64.89,-23.71,29.03,29.37
303,rennes,90,FR,1584135985,81,48.17,-1.67,48.0,4.7
304,angoche,100,MZ,1584135985,96,-16.23,39.91,75.11,4.81
305,kirkuk,100,IQ,1584135985,65,35.47,44.39,56.57,16.2
306,houyet,11,BE,1584135985,75,50.19,5.01,43.0,5.82
307,coquimbo,75,CL,1584135767,77,-29.95,-71.34,66.2,12.75
308,mount gambier,75,GB,1584135985,93,53.66,-1.85,43.0,11.41
309,camacha,75,PT,1584135986,63,33.08,-16.33,60.8,10.29
310,salalah,100,OM,1584135869,57,17.02,54.09,75.2,62.19
311,san andres,31,ML,1584135943,8,13.3,-4.9,85.73,8.66
312,irece,99,BR,1584135986,67,-11.3,-41.86,75.29,7.81
313,laguna,1,US,1584135986,48,38.42,-121.42,73.4,12.75
314,garmsar,100,IR,1584135986,27,35.22,52.34,66.29,6.62
315,esperance,90,AU,1584135872,100,-33.87,121.9,60.8,10.29
316,calabar,48,NG,1584135987,76,4.95,8.32,82.31,2.19
317,dawlatabad,98,AF,1584135987,49,36.41,64.91,53.87,2.75
318,sergeyevka,100,KZ,1584135987,94,53.88,67.42,33.17,16.75
319,petropavlovsk-kamchatskiy,90,RU,1584135880,97,53.05,158.65,32.0,31.32
320,puerto del rosario,40,ES,1584135960,93,36.59,-6.23,59.0,3.18
321,oloron-sainte-marie,75,FR,1584135987,93,43.19,-0.61,46.4,2.01
322,byron bay,1,US,1584135988,47,44.03,-92.65,39.2,19.46
323,berbera,0,SO,1584135988,82,10.44,45.01,77.09,15.21
324,wanning,92,CN,1584135883,96,18.8,110.4,73.49,3.09
325,okhotsk,45,RU,1584135988,79,59.38,143.3,-7.33,6.78
326,nanakuli,75,US,1584135989,83,21.39,-158.15,78.8,9.17
327,jabinyanah,20,TN,1584135989,82,35.03,10.91,57.2,6.93
328,bintulu,90,MY,1584135989,100,3.17,113.03,77.0,1.97
329,kirillov,90,RU,1584135989,86,59.86,38.38,33.8,6.71
330,novyy urgal,0,RU,1584135989,87,45.01,38.98,51.01,4.47
331,lasa,62,IT,1584135881,79,46.62,10.7,55.4,1.12
332,tocopilla,71,CL,1584135989,37,-22.09,-70.2,72.59,10.83
333,dasoguz,0,TM,1584135990,41,41.84,59.97,48.2,6.93
334,manono,100,CD,1584135990,99,-7.3,27.42,68.27,2.86
335,dwarka,0,IN,1584135990,61,22.24,68.97,73.49,16.78
336,pedernales,20,DO,1584135990,66,18.04,-71.74,86.0,18.34
337,krasnoselkup,100,RU,1584135990,97,65.7,82.47,34.43,24.65
338,alofi,75,NU,1584135905,83,-19.06,-169.92,82.4,8.05
339,nacozari,100,MX,1584135991,33,25.34,-108.26,86.81,14.03
340,ahipara,0,NZ,1584135991,71,-35.17,173.17,65.93,14.5
341,tombouctou,0,ML,1584135991,12,20.0,-3.0,73.31,3.13
342,sydney,90,AU,1584135927,82,-33.87,151.21,64.99,14.99
343,davila,20,PH,1584135991,88,18.47,120.58,73.4,3.36
344,rieti,100,IT,1584135992,84,42.41,12.86,55.99,0.47
345,mawlaik,0,MM,1584135992,54,23.63,94.42,69.71,1.92
346,tabas,94,IR,1584135992,14,33.6,56.92,60.8,4.7
347,baculin,7,PH,1584135992,90,7.45,126.58,69.71,4.79
348,villa florida,92,IT,1584135992,79,46.2,10.13,57.0,1.12
349,lagoa,20,PT,1584135992,64,39.05,-27.98,59.99,2.46
350,kayerkan,90,RU,1584135992,92,69.35,87.76,26.6,31.32
351,constitucion,19,CL,1584135993,73,-35.33,-72.42,66.29,13.53
352,port macquarie,100,CD,1584135993,87,-7.03,29.76,74.03,15.61
353,anse-bertrand,20,GP,1584135993,65,16.47,-61.51,80.6,13.87
354,dingle,47,PH,1584135993,92,11.0,122.67,72.77,7.65
355,sakharovo,69,RU,1584135993,84,56.9,36.05,35.33,9.57
356,molina,71,CL,1584135993,36,-35.12,-71.28,81.0,11.41
357,murmashi,75,RU,1584135994,62,68.82,32.81,19.4,11.18
358,amambai,100,BR,1584135994,57,-23.1,-55.23,86.27,6.11
359,craigieburn,90,AU,1584135994,58,-37.6,144.95,59.0,17.22
360,tessalit,0,ML,1584135891,13,20.2,1.01,74.39,9.04
361,aswan,0,EG,1584135994,45,24.09,32.91,63.95,11.1
362,bangui,47,CF,1584135995,45,4.36,18.55,79.79,2.48
363,akdepe,0,TM,1584135995,42,42.06,59.38,48.2,6.93
364,bambous virieux,40,MU,1584135995,94,-20.26,57.41,75.0,3.36
365,sarangani,0,PH,1584135995,75,5.4,125.46,80.15,6.46
366,richards bay,75,US,1584135995,73,46.84,-95.91,23.0,14.99
367,mareeba,91,AU,1584135995,83,-17.0,145.43,77.0,2.24
368,fukue,75,JP,1584135996,66,32.69,128.84,50.0,17.22
369,safaga,45,EG,1584135996,41,26.73,33.94,65.39,34.67
370,mazatan,75,MX,1584135996,62,14.87,-92.45,87.8,11.41
371,khani,75,GE,1584135889,45,41.96,42.96,66.2,25.28
372,vicente guerrero,5,CU,1584135996,55,21.8,-78.69,83.39,14.34
373,sjenica,100,RS,1584135996,94,43.27,20.0,38.03,6.69
374,eatonton,75,US,1584135996,54,33.33,-83.39,80.01,11.41
375,port pirie,100,CD,1584135993,87,-7.03,29.76,74.03,15.61
376,pisco,0,PE,1584135997,30,-13.7,-76.22,73.99,25.28
377,zhanakorgan,61,KZ,1584135997,35,43.91,67.25,49.37,13.49
378,maymyo,22,MM,1584135997,38,22.03,96.47,69.35,2.06
379,husavik,90,IS,1584135997,92,66.04,-17.34,19.4,13.87
380,sheridan,90,US,1584135998,79,44.83,-106.92,33.8,5.82
381,katsuura,75,JP,1584135998,76,35.13,140.3,50.0,18.34
382,abu dhabi,0,IN,1584135998,38,24.6,72.7,59.63,8.93
383,teya,100,RU,1584135998,88,60.38,92.63,29.93,10.25
384,yaguara,20,CO,1584135999,44,2.66,-75.52,95.0,3.36
385,central point,90,US,1584135999,69,30.55,-91.04,82.99,4.7
386,suzaka,100,JP,1584135999,83,36.65,138.32,44.01,2.89
387,svetlyy,75,RU,1584135999,80,54.67,20.13,41.0,29.08
388,vila do maio,0,PT,1584135999,81,42.03,-8.16,55.99,14.99
389,batagay,100,RU,1584135999,100,67.63,134.63,-28.39,2.01
390,shakawe,2,BW,1584135999,67,-18.37,21.85,72.05,3.91
391,kurilsk,12,RU,1584136000,79,45.23,147.88,23.45,11.25
392,aykhal,0,RU,1584136000,75,66.0,111.5,-18.4,6.71
393,mugumu,98,TZ,1584136000,95,-1.85,34.7,65.21,0.6
394,farah,65,AF,1584136000,26,32.5,62.5,55.67,1.28
395,klyuchi,0,RU,1584136000,92,52.27,79.17,18.05,9.1
396,tuatapere,3,NZ,1584135877,70,-46.13,167.68,52.97,1.7
397,moussoro,0,TD,1584136000,19,13.64,16.49,68.27,12.3
398,mitsamiouli,100,KM,1584136001,69,-11.38,43.28,85.01,2.86
399,sarh,36,TD,1584136001,9,9.14,18.39,76.37,3.49
400,dossor,29,KZ,1584136001,60,47.53,52.98,44.33,13.8
401,tornio,0,FI,1584136001,56,65.85,24.15,15.8,9.17
402,caravelas,100,BR,1584136001,77,-17.71,-39.25,81.41,9.13
403,uhlove,13,UA,1584136001,75,44.82,33.6,50.63,7.96
404,cabedelo,40,BR,1584136002,83,-6.98,-34.83,80.6,9.17
405,san cristobal,31,ML,1584135924,8,13.3,-4.9,85.73,8.66
406,mujiayingzi,7,CN,1584136002,42,42.12,118.78,25.61,14.67
407,camana,64,PE,1584136003,71,-16.62,-72.71,71.87,9.6
408,waddan,100,LY,1584136003,29,29.16,16.14,60.71,3.29
409,rio gallegos,20,GR,1584136003,87,38.3,21.78,53.6,3.33
410,kavaratti,32,IN,1584136003,81,10.57,72.64,80.87,16.58
411,mbandaka,54,CD,1584136003,81,0.05,18.26,73.67,2.73
412,tirthahalli,0,IN,1584136004,69,13.7,75.23,69.17,1.99
413,erzin,75,TR,1584136004,67,36.96,36.2,62.6,14.99
414,moron,0,AR,1584135997,58,-34.65,-58.62,90.0,10.29
415,lokosovo,100,RU,1584136004,98,61.13,74.82,34.97,9.8
416,terrace bay,40,CA,1584136004,33,54.52,-128.6,30.0,17.22
417,ochakiv,100,UA,1584136005,62,46.61,31.55,51.8,17.9
418,oga,62,IT,1584136005,79,46.46,10.35,43.0,1.12
419,lomza,100,PL,1584136005,81,53.18,22.06,40.91,19.3
420,srandakan,100,ID,1584136005,90,-7.94,110.25,75.11,3.49
421,kerikeri,1,NZ,1584136005,80,-35.23,173.95,66.99,8.99
422,rocha,0,UY,1584136005,48,-34.48,-54.33,79.61,14.54
423,botwood,20,CA,1584136006,41,49.15,-55.35,26.01,4.7
424,zyryanovsk,34,KZ,1584136006,59,49.74,84.27,15.89,1.86
425,dauriya,0,RU,1584136006,88,49.93,116.87,10.67,11.83
426,formoso do araguaia,93,BR,1584136006,87,-14.95,-46.23,73.85,7.43
427,klaksvik,100,FO,1584136006,65,62.23,-6.59,41.0,26.4
428,kedrovyy,0,RU,1584136007,92,56.17,91.82,24.8,4.05
429,imatra,88,FI,1584136007,58,61.17,28.75,25.0,12.75
430,iqaluit,40,CA,1584135760,69,63.75,-68.51,-13.0,16.11
431,araouane,0,ML,1584136007,9,18.9,-3.53,78.89,6.98
432,christchurch,36,NZ,1584136007,77,-43.53,172.63,62.01,14.99
433,gravelbourg,39,CA,1584136008,33,49.88,-106.55,17.69,10.76
434,celestun,0,MX,1584136008,75,20.87,-90.4,76.73,21.97
435,along,45,IN,1584136008,80,28.17,94.77,57.65,4.27
436,anadyr,75,RU,1584136008,78,64.75,177.48,17.6,11.18
437,bolu,52,TR,1584136008,79,40.67,31.58,47.93,0.51
438,lorengau,39,PG,1584136008,77,-2.02,147.27,83.93,11.43
439,lipari,5,IT,1584136009,82,38.47,14.95,59.0,5.82
440,sheopur,0,IN,1584136009,21,25.67,76.7,62.87,5.17
441,neyshabur,87,IR,1584136009,36,36.21,58.8,52.79,7.92
442,ambilobe,100,MG,1584136009,93,-13.2,49.05,76.73,3.31
443,marsaxlokk,99,MT,1584136010,87,35.84,14.54,59.0,12.75
444,gushikawa,90,JP,1584136010,91,26.35,127.87,66.2,3.36
445,alihe,67,CN,1584136010,91,50.57,123.72,11.21,4.45
446,kyrylivka,72,UA,1584136010,69,46.38,35.37,49.73,7.81
447,ahuimanu,75,US,1584136010,65,21.44,-157.84,78.8,10.29
448,mehamn,90,NO,1584136010,79,71.04,27.85,23.0,25.28
449,gizo,70,SB,1584136011,84,-8.1,156.84,79.79,14.25
450,rorvik,20,NO,1584136011,58,64.86,11.24,28.4,8.05
451,green river,40,US,1584136011,42,40.95,-81.48,52.0,16.11
452,fort nelson,1,NL,1584136011,87,52.65,6.39,39.99,1.12
453,pecos,1,US,1584135835,60,31.42,-103.49,73.4,12.75
454,goderich,41,CA,1584136012,80,43.75,-81.72,37.99,8.01
455,dudinka,90,RU,1584136012,92,69.41,86.18,26.6,31.32
456,mgachi,98,RU,1584136012,96,51.05,142.27,6.17,5.3
457,marzuq,0,YE,1584136012,62,14.4,46.47,61.25,5.14
458,gaya,90,IN,1584136012,100,24.78,85.0,66.2,6.93
459,grand gaube,75,US,1584135902,54,38.88,-109.5,55.4,25.28
460,abu samrah,0,IN,1584136013,38,24.6,72.7,59.63,8.93
461,huron,1,US,1584136013,39,41.15,-82.55,50.0,19.46
462,abnub,84,EG,1584136013,45,27.27,31.15,62.87,16.58
463,atar,0,MR,1584136013,10,20.52,-13.05,71.15,5.14
464,znamenskoye,100,RU,1584136013,86,57.13,73.83,25.79,9.69
465,mingaora,100,PK,1584135847,62,34.78,72.36,40.19,5.28
466,rome,90,US,1584135739,68,34.26,-85.16,69.01,4.7
467,sola,75,VU,1584135964,70,-13.88,167.55,87.8,5.82
468,launceston,40,AU,1584136014,75,-41.45,147.17,46.0,2.24
469,saint-pierre,40,RE,1584135766,83,-21.34,55.48,78.8,19.46
470,havelock,75,US,1584136014,64,34.88,-76.9,75.99,8.05
471,wisconsin rapids,1,US,1584135941,38,44.5,-90.0,41.0,21.92
472,tumaco,45,CO,1584135947,84,1.8,-78.82,79.07,12.26
473,burnie,60,AU,1584136015,68,-41.07,145.92,48.65,11.25
474,lakatoro,75,VU,1584136015,83,-16.1,167.42,82.4,4.7
475,campbell river,1,US,1584136015,34,38.95,-84.38,53.01,9.17
476,tabou,100,CI,1584136015,94,4.42,-7.35,77.81,3.78
477,ayan,0,RU,1584136015,72,56.45,138.17,-8.41,6.4
478,hecun,0,CN,1584136015,25,36.53,114.11,39.47,8.97
479,cam pha,0,AR,1584136015,16,-38.98,-67.82,86.0,18.34
480,ulladulla,90,AU,1584136016,72,-35.35,150.47,59.0,17.22
481,oranjemund,0,NA,1584136016,87,-28.55,16.43,65.75,1.79
482,ukiah,1,US,1584136016,59,39.15,-123.21,64.0,12.75
483,bronderslev,0,DK,1584136016,77,57.27,9.94,32.0,9.89
484,arlit,0,NE,1584135990,13,18.74,7.39,72.05,8.63
485,mananjary,70,MG,1584136016,82,-21.22,48.33,79.25,9.69
486,ancud,75,CL,1584136017,67,-41.87,-73.82,57.2,12.75
487,nytva,75,RU,1584136017,86,57.94,55.33,37.4,20.13
488,longyearbyen,40,SJ,1584136017,63,78.22,15.64,-5.8,13.87
489,kourou,20,GF,1584135856,74,5.16,-52.65,82.4,12.75
490,wamba,24,NG,1584135889,11,8.93,8.6,75.65,4.07
491,templin,40,DE,1584136018,69,53.12,13.5,42.01,12.75
492,inirida,100,CO,1584136018,72,3.87,-67.92,83.75,2.82
493,pierre,90,US,1584135890,41,44.37,-100.35,42.01,13.87
494,vaitape,40,PF,1584136018,77,-16.52,-151.75,83.03,14.2
495,sayyan,8,YE,1584136018,37,15.17,44.32,54.23,2.42
496,manbij,75,SY,1584136019,81,36.53,37.95,53.6,16.11
497,roald,75,NO,1584136019,74,62.58,6.13,28.99,2.24
498,brae,68,GB,1584136019,64,60.4,-1.35,37.4,13.87
499,tukrah,0,LY,1584136019,90,32.53,20.58,57.11,5.61
500,maragogi,37,BR,1584136019,74,-9.01,-35.22,81.77,12.86
501,yulara,0,AU,1584136019,27,-25.24,130.99,78.8,8.05
502,mayo,1,US,1584135902,28,38.89,-76.51,72.0,13.87
503,damaturu,83,NG,1584136020,20,11.75,11.96,69.35,10.87
504,lincoln,75,US,1584135960,39,40.8,-96.67,48.2,4.7
505,sengiley,0,RU,1584136020,56,53.96,48.79,41.0,20.13
506,sena madureira,20,TH,1584136020,83,14.33,100.4,84.99,5.82
507,nanortalik,100,GL,1584136021,70,60.14,-45.24,22.91,16.42
508,kyra,0,RU,1584136021,79,49.58,111.98,11.57,4.76
509,marawi,6,PH,1584136021,84,8.0,124.29,72.0,7.0
510,aojiang,100,CN,1584136021,74,22.94,116.04,68.0,1.99
511,kabompo,98,ZM,1584136021,97,-13.59,24.2,66.83,3.94
512,bowen,85,AU,1584136021,73,-20.02,148.23,75.99,8.05
513,berekum,100,GH,1584136021,66,7.45,-2.58,82.13,8.59
514,lodja,99,CD,1584136022,98,-3.48,23.43,68.81,3.33
515,krasnyy yar,30,RU,1584136022,81,54.57,31.43,35.51,8.61
516,osorno,75,CL,1584136022,45,-40.57,-73.15,64.4,9.17
517,susanville,1,US,1584135797,17,40.42,-120.65,62.6,17.22
518,half moon bay,40,LR,1584136022,88,6.38,-10.7,82.4,4.7
519,baoding,9,CN,1584136022,23,38.85,115.49,41.63,10.54
520,calatayud,100,ES,1584136023,66,41.35,-1.64,55.4,1.52
521,finschhafen,100,PG,1584136023,76,-6.6,147.87,83.57,27.2
522,aras,27,ES,1584136023,75,42.56,-2.36,44.6,3.36
523,mossendjo,69,CG,1584136023,96,-2.95,12.73,73.49,2.28
524,sampit,100,ID,1584136023,95,-2.53,112.95,74.39,0.76
525,aksu,0,CN,1584135852,28,41.12,80.26,37.85,3.2
526,xai-xai,32,MZ,1584136023,88,-25.05,33.64,73.31,4.03
527,rindal,75,NO,1584136024,79,63.06,9.21,28.4,10.29
528,khandbari,100,NP,1584136024,60,27.37,87.2,42.89,2.48
529,chapais,90,CA,1584136024,100,49.78,-74.85,30.2,11.41
530,san juan,31,ML,1584135834,8,13.3,-4.9,85.73,8.66
531,novikovo,100,RU,1584136024,64,51.15,37.89,42.53,5.53
532,huitzo,20,MX,1584136024,61,19.97,-102.07,77.0,9.17
533,pauini,100,BR,1584136024,65,-7.71,-66.98,86.99,3.58
534,yeppoon,17,AU,1584135741,73,-23.13,150.73,71.6,6.93
535,hervey bay,90,US,1584136025,100,33.5,-93.78,57.0,11.41
536,omoa,20,HN,1584136025,55,15.77,-88.03,87.8,16.11
537,swan river,7,PH,1584136025,96,18.22,121.38,68.27,1.36
538,belaya gora,67,UA,1584136025,84,49.03,25.77,39.99,8.01
539,dzaoudzi,100,YT,1584136026,83,-12.79,45.27,82.4,9.17
540,winthrop,40,US,1584135867,87,42.38,-70.98,60.01,13.87
541,adelaide,20,AU,1584135734,54,-34.93,138.6,57.0,8.05
542,markivka,100,UA,1584136026,84,49.52,39.57,47.21,6.06
543,kuytun,100,RU,1584136026,95,54.34,101.5,32.45,5.41
544,sidi ali,100,CF,1584136027,43,5.08,19.88,80.69,3.04
545,aklavik,90,CA,1584136027,67,68.22,-135.01,23.0,2.24
